image_width: 512
image_height: 384
camera_name: left_simulation
camera_matrix:
  rows: 3
  cols: 3
  data: [169.594459, 0.000000, 255.941078, 0.000000, 169.642441, 192.105281, 0.000000, 0.000000, 1.000000]
distortion_model: plumb_bob
distortion_coefficients:
  rows: 1
  cols: 5
  data: [-0.000006, 0.000065, 0.000114, -0.000168, 0.000000]
rectification_matrix:
  rows: 3
  cols: 3
  data: [0.999759, -0.000626, -0.021952, 0.000626, 1.000000, -0.000024, 0.021952, 0.000010, 0.999759]
projection_matrix:
  rows: 3
  cols: 4
  data: [175.423221, 0.000000, 266.837990, 0.000000, 0.000000, 175.423221, 192.228642, 0.000000, 0.000000, 0.000000, 1.000000, 0.000000]
