# oST version 5.0 parameters


[image]

width
512

height
384

[narrow_stereo/left]

camera matrix
169.594459 0.000000 255.941078
0.000000 169.642441 192.105281
0.000000 0.000000 1.000000

distortion
-0.000006 0.000065 0.000114 -0.000168 0.000000

rectification
0.999759 -0.000626 -0.021952
0.000626 1.000000 -0.000024
0.021952 0.000010 0.999759

projection
175.423221 0.000000 266.837990 0.000000
0.000000 175.423221 192.228642 0.000000
0.000000 0.000000 1.000000 0.000000

# oST version 5.0 parameters


[image]

width
512

height
384

[narrow_stereo/right]

camera matrix
169.750508 0.000000 256.125315
0.000000 169.786841 192.109346
0.000000 0.000000 1.000000

distortion
-0.000270 0.000125 0.000116 0.000004 0.000000

rectification
0.999848 -0.000402 -0.017436
0.000402 1.000000 0.000014
0.017436 -0.000021 0.999848

projection
175.423221 0.000000 266.837990 -22.448381
0.000000 175.423221 192.228642 0.000000
0.000000 0.000000 1.000000 0.000000

