image_width: 640
image_height: 400
camera_name: left_simulation
camera_matrix:
  rows: 3
  cols: 3
  data: [196.4517345804398, 0.0, 319.80590675271606, 0.0, 196.2869538122983, 199.68720648386937, 0.0, 0.0, 1.0]
distortion_model: plumb_bob
distortion_coefficients:
  rows: 1
  cols: 5
  data: [0.000537, -0.000040, -0.000198, 0.000017, 0.000000]
rectification_matrix:
  rows: 3
  cols: 3
  data: [1,  0, 0, 0, 1, 0, 0, 0, 1]
projection_matrix:
  rows: 3
  cols: 4
  data: [196.81307983398438, 0.0, 319.83603575710003, 0.0, 0.0, 196.57992553710938, 199.46450576473944, 0.0, 0.0, 0.0, 1.0, 0.0]
binning_x: 1
binning_y: 1
roi: 
  x_offset: 0
  y_offset: 0
  height: 0
  width: 0
  do_rectify: True
