# oST version 5.0 parameters


[image]

width
1280

height
720

[narrow_stereo/left]

camera matrix
1395.474919 0.000000 603.741588
0.000000 1401.943076 386.575104
0.000000 0.000000 1.000000

distortion
-0.063228 0.190103 -0.000029 -0.006406 0.000000

rectification
0.999968 -0.005398 -0.005820
0.005432 0.999968 0.005822
0.005788 -0.005853 0.999966

projection
1521.783092 0.000000 614.855438 0.000000
0.000000 1521.783092 351.811882 0.000000
0.000000 0.000000 1.000000 0.000000

# oST version 5.0 parameters


[image]

width
1280

height
720

[narrow_stereo/right]

camera matrix
1406.040502 0.000000 583.043639
0.000000 1397.925450 322.425195
0.000000 0.000000 1.000000

distortion
-0.016617 0.051400 -0.009568 -0.012351 0.000000

rectification
0.999546 0.005979 -0.029546
-0.006152 0.999965 -0.005747
0.029511 0.005926 0.999547

projection
1521.783092 0.000000 614.855438 3320.897768
0.000000 1521.783092 351.811882 0.000000
0.000000 0.000000 1.000000 0.000000

