image_width: 1280
image_height: 720
camera_name: stereo/right
camera_matrix:
  rows: 3
  cols: 3
  data: [1406.040502, 0.000000, 583.043639, 0.000000, 1397.925450, 322.425195, 0.000000, 0.000000, 1.000000]
distortion_model: plumb_bob
distortion_coefficients:
  rows: 1
  cols: 5
  data: [-0.016617, 0.051400, -0.009568, -0.012351, 0.000000]
rectification_matrix:
  rows: 3
  cols: 3
  data: [0.999546, 0.005979, -0.029546, -0.006152, 0.999965, -0.005747, 0.029511, 0.005926, 0.999547]
projection_matrix:
  rows: 3
  cols: 4
  data: [1521.783092, 0.000000, 614.855438, 3320.897768, 0.000000, 1521.783092, 351.811882, 0.000000, 0.000000, 0.000000, 1.000000, 0.000000]
binning_x: 1
binning_y: 1
roi: 
  x_offset: 0
  y_offset: 0
  height: 0
  width: 0
  do_rectify: True
