image_width: 640
image_height: 480
camera_name: left_camera
camera_matrix:
  rows: 3
  cols: 3
  data: [544.664902666946, 0, 327.4509123895015, 0, 545.6944580874996, 243.2790221730054, 0, 0, 1]
distortion_model: plumb_bob
distortion_coefficients:
  rows: 1
  cols: 5
  data: [-0.1325610596782735, 0.1438814389093043, -0.003244840100968247, -0.002782368263633842, 0]
rectification_matrix:
  rows: 3
  cols: 3
  data: [0.9999023306896492, -0.001602053539408781, -0.01388389375730856, 0.001600350901627472, 0.9999987104940358, -0.0001337432513569011, 0.01388409011779396, 0.0001115110868531689, 0.9999036051574565]
projection_matrix:
  rows: 3
  cols: 4
  data: [554.8954321762086, 0, 328.6660346984863, 0, 0, 554.8954321762086, 249.1718082427979, 0, 0, 0, 1, 0]