image_width: 640
image_height: 480
camera_name: right_camera
camera_matrix:
  rows: 3
  cols: 3
  data: [542.6259244100959, 0, 307.779932590294, 0, 543.9445331718912, 256.81326200832, 0, 0, 1]
distortion_model: plumb_bob
distortion_coefficients:
  rows: 1
  cols: 5
  data: [-0.1181569582122096, 0.1235173623017499, 0.001819632968977979, 0.001256808848532863, 0]
rectification_matrix:
  rows: 3
  cols: 3
  data: [0.999813216028649, -0.002204894636878049, -0.01920082014108393, 0.002207249329967928, 0.9999975588768352, 0.0001014434122776019, 0.01920054959748142, -0.0001438054616654308, 0.9998156421136568]
projection_matrix:
  rows: 3
  cols: 4
  data: [554.8954321762086, 0, 328.6660346984863, 462.6824400207433, 0, 554.8954321762086, 249.1718082427979, 0, 0, 0, 1, 0]