image_width: 640
image_height: 480
camera_name: right_camera
camera_matrix:
  rows: 3
  cols: 3
  data: [423.082991215554, 0, 292.2430595952952, 0, 428.718714627995, 222.2310533062926, 0, 0, 1]
distortion_model: plumb_bob
distortion_coefficients:
  rows: 1
  cols: 5
  data: [-0.04781903336652364, 0.1808915227107117, -0.005066450129344862, -0.009278372955553523, 0]
rectification_matrix:
  rows: 3
  cols: 3
  data: [0.9997319541396935, -0.006572240859129159, -0.0221996739192119, 0.006424921433868047, 0.9999569080543526, -0.006700926723055716, 0.02224275739647332, 0.006556499406598956, 0.9997310998758281]
projection_matrix:
  rows: 3
  cols: 4
  data: [445.9985679739734, 0, 315.818229675293, -105.41133118294982, 0, 445.9985679739734, 224.8404445648194, 0, 0, 0, 1,0]