image_width: 320
image_height: 200
camera_name: stereo/left
camera_matrix:
  rows: 3
  cols: 3
  data: [207.4364715, 0, 158.0310245, 0, 207.0329395, 95.9086085, 0, 0, 1]
distortion_model: plumb_bob
distortion_coefficients:
  rows: 1
  cols: 5
  data: [-0.008932, -0.071132, -0.007234, -0.006453, 0]
rectification_matrix:
  rows: 3
  cols: 3
  data: [0.998664, -0.000563, -0.051665, 0.000739, 0.999994, 0.003392, 0.051663, -0.003425, 0.998659]
projection_matrix:
  rows: 3
  cols: 4
  data: [216.906097, 0, 168.7470015, 0, 0, 216.906097, 88.3475095, 0, 0, 0, 1, 0]
binning_x: 1
binning_y: 1
roi: 
  x_offset: 0
  y_offset: 0
  height: 0
  width: 0
  do_rectify: True
