image_width: 400
image_height: 300
camera_name: left_simulation
camera_matrix:
  rows: 3
  cols: 3
  data: [132.49567109375, 0.000000, 199.9539671875, 0.000000, 132.53315703125, 150.08225078125, 0.000000, 0.000000, 1.000000]
distortion_model: plumb_bob
distortion_coefficients:
  rows: 1
  cols: 5
  data: [-0.000006, 0.000065, 0.000114, -0.000168, 0.000000]
rectification_matrix:
  rows: 3
  cols: 3
  data: [0.999759, -0.000626, -0.021952, 0.000626, 1.000000, -0.000024, 0.021952, 0.000010, 0.999759]
projection_matrix:
  rows: 3
  cols: 4
  data: [137.04939140625, 0.000000, 208.4671796875, 0.000000, 0.000000, 137.04939140625, 150.1786265625, 0.000000, 0.000000, 0.000000, 1.000000, 0.000000]
