image_width: 400
image_height: 300
camera_name: right_simulation
camera_matrix:
  rows: 3
  cols: 3
  data: [132.617584375, 0.000000, 200.09790234375, 0.000000, 132.64596953125002, 150.08542656249998, 0.000000, 0.000000, 1.000000]
distortion_model: plumb_bob
distortion_coefficients:
  rows: 1
  cols: 5
  data: [-0.000270, 0.000125, 0.000116, 0.000004, 0.000000]
rectification_matrix:
  rows: 3
  cols: 3
  data: [0.999848, -0.000402, -0.017436, 0.000402, 1.000000, 0.000014, 0.017436, -0.000021, 0.999848]
projection_matrix:
  rows: 3
  cols: 4
  data: [137.04939140625, 0.000000, 208.4671796875, -17.53779765625, 0.000000, 137.04939140625, 150.1786265625, 0.000000, 0.000000, 0.000000, 1.000000, 0.000000]
